-0.02919105104912079    -0.030701387717687465   -0.03311713147775755    1.1516860164388651      0.7516879374789303      1.161031428071801
-0.035822833709953185   -0.04424641870081465    -0.04530535308995292    3.4985462708308646      3.538315957489562       3.503830657978406
-0.035806606509869894   -0.038788247852517124   -0.04433045464931995    0.5049398251099294      1.6996068690090347      0.5100149801282975
2.7595183209002454      2.213536579023493       2.070006624745018       -0.33968412096392336    -0.29685307779854175    -0.32778770150590214
-0.02694031226629018    -0.03282783951668324    -0.02893932206880209    -0.2927016036958081     -0.2544109461632661     -0.28904006095112705
-0.03869549042710445    -0.051910036206491525   -0.050516884020183644   9.785555331619868       10.038498544098664      9.797536858772363
70.38821185522757       95.13002083523803       93.22678172555626       -0.4043563447928298     -0.3072680697613262     -0.3805494759544319
5.375085555857782E-5    -0.0038593851181898467  -0.0012476918114143795  -0.41931462363611566    -0.3343414955601154     -0.40781580115976107
-0.015602046265510478   -0.003678774045393468   -2.2582283730160143E-4  -0.08080240745715887    -0.14339892970846368    -0.09369794042503402
-0.03203585597436765    -0.02766539346410147    -0.03565577248400241    0.2636376419750454      0.09107832977984047     0.25821333771304655
